iteration_number: 1
      1<--------------------->11,14,18,22,25,26,28,33,36,37,40,42,48,50,68,69,72,74,80,82,83,84,91,95,96,100,
      2<--------------------->1,2,6,8,10,12,13,17,19,20,24,27,29,34,39,41,51,53,54,55,57,58,61,63,65,73,75,77,78,85,88,89,93,94,97,98,99,
      3<--------------------->5,7,9,15,23,30,31,35,43,44,45,46,47,49,62,66,67,76,79,81,86,87,90,
      4<--------------------->21,
      5<---------------------><This Cluster is Empty>
      6<--------------------->3,4,16,32,38,52,56,59,60,64,70,71,92,
      7<---------------------><This Cluster is Empty>
iteration_number: 2
      1<--------------------->11,14,18,22,25,26,28,33,36,37,40,42,48,50,68,72,80,82,83,84,91,92,95,96,100,
      2<--------------------->1,2,6,8,10,12,13,17,19,20,24,27,29,34,39,41,51,53,54,55,57,58,61,63,65,73,75,77,78,85,88,89,93,94,97,98,99,
      3<--------------------->5,7,9,15,23,30,31,35,43,44,45,46,47,49,62,66,67,76,79,81,86,87,90,
      4<--------------------->21,69,74,
      5<---------------------><This Cluster is Empty>
      6<--------------------->3,4,16,32,38,52,56,59,60,64,70,71,
      7<---------------------><This Cluster is Empty>
iteration_number: 3
      1<--------------------->11,14,22,26,28,33,36,37,40,42,48,50,68,70,71,72,82,83,84,91,92,95,96,100,
      2<--------------------->1,2,6,8,10,12,13,17,19,20,24,27,29,34,39,41,51,53,54,55,57,58,61,63,65,73,75,77,78,85,88,89,93,94,97,98,99,
      3<--------------------->5,7,9,15,23,30,31,35,43,44,45,46,47,49,62,66,67,76,79,81,86,87,90,
      4<--------------------->18,21,69,74,80,
      5<---------------------><This Cluster is Empty>
      6<--------------------->3,4,16,25,32,38,52,56,59,60,64,
      7<---------------------><This Cluster is Empty>
iteration_number: 4
      1<--------------------->11,22,26,28,33,36,37,40,48,50,68,70,71,72,82,83,84,91,92,95,96,
      2<--------------------->1,2,6,8,10,12,13,17,19,20,24,27,29,34,39,41,51,53,54,55,57,58,61,63,65,73,75,77,78,85,88,89,93,94,97,98,99,
      3<--------------------->5,7,9,15,23,30,31,35,43,44,45,46,47,49,62,66,67,76,79,81,86,87,90,
      4<--------------------->14,18,21,42,69,74,80,
      5<---------------------><This Cluster is Empty>
      6<--------------------->3,4,16,25,32,38,52,56,59,60,64,100,
      7<---------------------><This Cluster is Empty>
iteration_number: 5
      1<--------------------->11,22,28,33,36,37,40,48,68,70,71,72,82,83,84,91,92,95,96,
      2<--------------------->1,2,6,8,10,12,13,17,19,20,24,27,29,34,39,41,51,53,54,55,57,58,61,63,65,73,75,77,78,85,88,89,93,94,97,98,99,
      3<--------------------->5,7,9,15,23,30,31,35,43,44,45,46,47,49,62,66,67,76,79,81,86,87,90,
      4<--------------------->14,18,26,42,50,69,74,80,100,
      5<--------------------->21,
      6<--------------------->3,4,16,25,32,38,52,56,59,60,64,
      7<---------------------><This Cluster is Empty>
iteration_number: 6
      1<--------------------->11,22,28,33,36,37,48,68,70,71,72,82,83,92,95,96,
      2<--------------------->1,2,6,8,10,12,13,17,19,20,24,27,29,34,39,41,51,53,54,55,57,58,61,63,65,73,75,77,78,85,88,89,93,94,97,98,99,
      3<--------------------->5,7,9,15,23,30,31,35,43,44,45,46,47,49,62,66,67,76,79,81,86,87,90,
      4<--------------------->14,18,25,26,40,42,50,69,80,84,91,100,
      5<--------------------->21,74,
      6<--------------------->3,4,16,32,38,52,56,59,60,64,
      7<---------------------><This Cluster is Empty>
iteration_number: 7
      1<--------------------->11,22,28,36,37,48,68,70,71,72,82,83,92,95,96,
      2<--------------------->1,2,6,8,10,12,13,17,19,20,24,27,29,34,39,41,51,53,54,55,57,58,61,63,65,73,75,77,78,85,88,89,93,94,97,98,99,
      3<--------------------->5,7,9,15,23,30,31,35,43,44,45,46,47,49,62,66,67,76,79,81,86,87,90,
      4<--------------------->14,25,26,33,40,42,50,69,80,84,91,100,
      5<--------------------->18,21,74,
      6<--------------------->3,4,16,32,38,52,56,59,60,64,
      7<---------------------><This Cluster is Empty>
iteration_number: 8
      1<--------------------->11,22,28,36,37,48,68,70,71,72,82,83,92,95,96,
      2<--------------------->1,2,6,8,10,12,13,17,19,20,24,27,29,34,39,41,51,53,54,55,57,58,61,63,65,73,75,77,78,85,88,89,93,94,97,98,99,
      3<--------------------->5,7,9,15,23,30,31,35,43,44,45,46,47,49,62,66,67,76,79,81,86,87,90,
      4<--------------------->14,25,26,33,40,42,50,69,80,84,91,100,
      5<--------------------->18,21,74,
      6<--------------------->3,4,16,32,38,52,56,59,60,64,
      7<---------------------><This Cluster is Empty>
the Sum Of SQUARES ERROR is:67.26216514308828
